941
972
1000
807
610
311
532
947
385
463
340
257
621
622
494
626
241
893
711
794
372
601
295
41
81
586
228
807
780
73
768
6
595
630
838
487
902
486
638
208
914
681
99
63
415
558
28
539
979
506
637
58
142
725
779
492
344
761
683
358
341
431
329
351
578
218
87
195
390
473
59
418
247
251
206
350
18
958
852
127
111
64
897
779
852
972
43
595
51
749
108
562
120
400
466
431
959
264
858
135
833
176
385
651
166
319
852
539
474
75
259
218
451
895
550
306
719
153
7
275
531
916
492
55
751
385
383
489
176
895
561
321
929
16
882
825
733
489
512
721
104
231
415
158
292
35
28
538
921
947
604
845
160
89
94
513
914
22
774
721
539
799
415
256
235
225
965
314
836
265
417
363
655
653
821
403
860
383
225
321
860
467
599
68
389
432
951
443
779
957
304
737
208
76
119
497
895
540
435
677
280
648
518
906
310
940
208
223
713
273
577
159
505
827
586
918
525
339
428
774
970
516
919
775
186
466
115
220
510
570
962
540
853
148
790
823
965
57
752
96
23
875
484
901
284
900
597
93
212
820
119
496
593
922
61
220
890
420
923
49
292
479
155
340
473
801
986
475
89
76
548
670
190
478
259
931
359
458
486
464
761
320
218
94
966
269
391
866
765
212
463
814
435
70
344
288
300
291
623
352
435
619
573
705
505
484
56
185
866
413
844
447
790
608
767
800
453
379
921
918
815
879
29
558
148
990
972
85
740
194
605
994
305
868
9
469
959
733
157
288
722
872
680
717
417
177
137
878
904
381
166
89
441
777
452
904
250
94
883
125
175
65
117
73
356
252
734
610
579
201
136
268
583
192
621
426
56
969
280
354
403
360
23
479
84
978
188
637
883
983
972
951
182
104
244
486
65
757
738
468
725
814
672
341
661
738
616
958
132
351
339
347
42
778
686
795
90
130
648
383
880
605
912
733
93
927
29
376
349
113
733
751
336
204
798
645
130
916
53
850
948
76
468
992
140
211
458
157
804
826
649
407
420
249
352
166
315
95
658
492
310
977
6
782
237
476
16
471
422
567
656
836
170
408
569
59
845
502
469
35
486
171
263
392
649
223
220
907
595
205
714
0
516
993
22
193
200
619
742
202
940
558
246
729
446
80
383
696
697
188
149
40
738
122
613
200
157
842
302
559
480
106
821
400
709
530
126
497
918
704
718
574
391
922
125
684
845
340
425
887
611
196
618
723
710
286
819
382
997
876
152
985
361
582
614
181
884
209
466
64
949
121
868
753
514
449
203
833
98
215
700
466
676
955
539
779
831
3
244
612
974
874
230
39
523
186
543
106
66
423
68
45
553
922
28
980
330
319
755
390
562
971
790
767
85
793
883
852
816
955
822
48
986
988
807
562
851
493
748
841
674
997
570
573
356
154
47
17
209
114
642
992
571
835
590
326
187
414
313
254
377
781
830
577
188
348
835
114
52
269
985
333
17
17
679
675
11
177
166
946
81
374
845
718
26
143
890
761
160
194
180
665
865
913
728
389
928
462
564
232
858
542
730
913
39
299
108
489
320
623
619
890
571
954
775
31
181
506
910
416
542
349
364
310
730
525
76
492
540
953
386
267
900
658
418
584
657
328
281
397
976
703
606
559
371
999
200
807
782
416
822
685
367
450
376
128
886
431
885
771
836
423
272
698
959
799
483
794
7
155
465
150
997
526
420
369
311
59
850
533
377
543
425
703
348
379
687
163
224
652
227
222
401
845
65
212
463
439
572
281
787
44
481
310
501
967
61
252
224
821
347
109
974
431
721
599
226
279
52
2
241
229
735
208
419
231
616
277
396
812
565
898
149
472
560
503
706
556
386
102
542
976
874
931
324
78
622
438
776
184
672
281
314
733
680
552
506
177
341
811
997
415
141
770
549
653
2
655
61
104
80
896
865
673
44
336
886
862
482
472
723
332
868
307
366
10
760
919
722
544
458
173
159
411
156
293
495
412
796
728
529
208
420
966
467
658
805
147
840
180
783
341
130
716
639
457
966
209
883
632
622
523
511
832
15
503
165
46
182
709
350
56
997
53
215
364
709
498
945
971
298
679
399
673
244
611
231
522
28
104
213
81
998
961
96
146
479
830
475
620
571
640
394
960
927
833
214
960
715
656
210
496
789
192
501
531
827
969
590
448
605
235
730
927
656
672
489
561
961
342
508
12
925
273
195
319
958
18
229
568
29
279
278
211
169
864
880
557
990
96
575
743
637
745
338
930
182
520
847
810