acquire 1574
    0383 1574 1578 2510 2581
    2659 2694 2724 2819 2880
    2941 2956 3016 3029 3104
    3131 3160 3325 3342 3566
    3972 3992 4559 4615 4720
    4783 4874 4886 4905 5080
    5107 5126 5181 5508 5541
    5612 5625 6130 6154 6168
    7113 7134 7155 8310 8481
    8528 8564
acquiresleep 4872
    0392 4727 4742 4872 5561
    5610
allocproc 2505
    2505 2558 2632
allocuvm 1927
    0436 1927 1941 1947 2610
    6951 6965
alltraps 3454
    3409 3417 3430 3435 3453
    3454
ALT 8010
    8010 8038 8040
argfd 6371
    6371 6423 6438 6457 6468
    6481 6882
argint 3752
    0410 3752 3766 3782 3933
    3956 3970 4016 4055 6376
    6438 6457 6708 6775 6776
    6832 6882
argptr 3761
    0411 3761 4005 4020 4030
    6438 6457 6481 6857 6882
argstr 3779
    0412 3779 6507 6608 6708
    6757 6774 6808 6832
__attribute__ 1305
    0274 0367 1209 1305
BACK 8861
    8861 8974 9120 9389
backcmd 8896 9114
    8896 8909 8975 9114 9116
    9242 9355 9390
BACKSPACE 8400
    8400 8417 8459 8492 8498
balloc 5266
    5266 5286 5667 5675 5679
BBLOCK 4360
    4360 5273 5307
B_DIRTY 4112
    4112 4544 4568 4573 4610
    4628 4736 4769 5189
begin_op 5078
    0339 2689 5078 6183 6274
    6324 6510 6611 6711 6756
    6773 6807 6921
bfree 5302
    5302 5714 5724 5727
bget 4716
    4716 4746 4756
binit 4688
    0265 1230 4688
bmap 5660
    5402 5660 5686 5770 5820
bootmain 9517
    9468 9517
BPB 4357
    4357 4360 5272 5274 5308
bread 4752
    0266 4752 5027 5028 5040
    5056 5140 5141 5235 5256
    5273 5307 5461 5485 5564
    5676 5720 5770 5820
brelse 4776
    0267 4776 4779 5031 5032
    5047 5064 5144 5145 5237
    5259 5279 5284 5314 5467
    5470 5494 5572 5682 5726
    5773 5824
BSIZE 4305
    4109 4305 4324 4351 4357
    4530 4546 4569 5008 5029
    5142 5257 5770 5771 5772
    5816 5820 5821 5822
buf 4100
    0250 0266 0267 0268 0311
    0338 2120 2123 2132 2134
    4100 4106 4107 4108 4463
    4481 4484 4524 4556 4604
    4606 4609 4676 4680 4684
    4690 4703 4715 4718 4751
    4754 4765 4776 4956 5027
    5028 5040 5041 5047 5056
    5057 5063 5064 5140 5141
    5172 5220 5233 5254 5269
    5304 5457 5482 5555 5663
    5709 5756 5806 8230 8241
    8245 8248 8468 8490 8504
    8538 8559 8566 8984 8987
    8988 8989 9003 9015 9016
    9018 9019 9020 9024
B_VALID 4111
    4111 4572 4610 4628 4757
bwrite 4765
    0268 4765 4768 5030 5063
    5143
bzero 5252
    5252 5280
C 8031 8474
    8031 8079 8104 8105 8106
    8107 8108 8110 8474 8484
    8488 8495 8506 8539
CAPSLOCK 8012
    8012 8045 8186
cgaputc 8405
    8405 8463
clearpteu 2022
    0445 2022 2028 6967
cli 0557
    0557 0559 1124 1672 8360
    8454 9412
cmd 8865
    8865 8877 8886 8887 8892
    8893 8898 8902 8906 8915
    8918 8923 8931 8937 8941
    8951 8975 8977 9052 9055
    9057 9058 9059 9060 9063
    9064 9066 9068 9069 9070
    9071 9072 9073 9074 9075
    9076 9079 9080 9082 9084
    9085 9086 9087 9088 9089
    9100 9101 9103 9105 9106
    9107 9108 9109 9110 9113
    9114 9116 9118 9119 9120
    9121 9122 9212 9213 9214
    9215 9217 9221 9224 9230
    9231 9234 9237 9239 9242
    9246 9248 9250 9253 9255
    9258 9260 9263 9264 9275
    9278 9281 9285 9300 9303
    9308 9312 9313 9316 9321
    9322 9328 9337 9338 9344
    9345 9351 9352 9361 9364
    9366 9372 9373 9378 9384
    9390 9391 9394
CMOS_PORT 7777
    7777 7791 7792 7834
cmos_read 7832
    7832 7843 7844 7845 7846
    7847 7848 7857 7864
CMOS_RETURN 7778
    7778 7837
CMOS_STATA 7820
    7820 7864
CMOS_STATB 7821
    7821 7857
cmostime 7852
    0328 4035 7852
CMOS_UIP 7822
    7822 7864
COM1 8614
    8614 8624 8627 8628 8629
    8630 8631 8632 8635 8641
    8642 8657 8659 8667 8669
commit 5151
    5003 5125 5151
CONSOLE 4436
    4436 8578 8579
consoleinit 8574
    0271 1226 8574
consoleintr 8477
    0273 8198 8477 8675
consoleread 8521
    8521 8579
consolewrite 8559
    8559 8578
consputc 8451
    8217 8248 8318 8336 8339
    8343 8344 8451 8492 8498
    8505 8566
context 2326
    0251 0380 2303 2326 2345
    2542 2543 2544 2545 2831
    2872 3078
CONV 7873
    7873 7874 7875 7876 7877
    7878 7879 7880
